Initial Energy : 1922
Wasted Energy : 482
Remain Energy : 1440
Insert File Name : ./Maze/Maze19.txt

 1                             
 1 111                         
 1 1 1                         
 1 1 11111           111111111 
 1 1     1           1       1 
 1 11111 1111111111111       1 
 1     1                     1 
 1111111 11111111111     11111 
         1         1     1     
       111 111111111     1     
       1   1             1     
 111   1   111111111111111     
 1 1   1                       
 1 11111   111 111 111         
 1         1 1 1 1 1 1         
 111 1111111 111 111 1         
   1 1               1         
 111 1   1111111     1         
 1   1   1     1     1         
 1   11111     1   111         
 1             1   1           
 111 11111111111   1           
   1 1             1           
   111             111         
                     1         
                     1         
                     1         
                   111       11
                   1         1 
                   11111111111 
                               
